<?xml version="1.0"?>
<opencv_storage>
<calibration_Time>"02/22/16 14:36:36"</calibration_Time>
<nrOfFrames>25</nrOfFrames>
<image_Width>640</image_Width>
<image_Height>480</image_Height>
<board_Width>9</board_Width>
<board_Height>6</board_Height>
<square_Size>50.</square_Size>
<FixAspectRatio>1.</FixAspectRatio>
<!-- flags:  +fix_aspectRatio +fix_principal_point +zero_tangent_dist -->
<flagValue>14</flagValue>
<Camera_Matrix type_id="opencv-matrix">
  <rows>3</rows>
  <cols>3</cols>
  <dt>d</dt>
  <data>
    8.1926598315755848e+002 0. 3.1950000000000000e+002 0.
    8.1926598315755848e+002 2.3950000000000000e+002 0. 0. 1.</data></Camera_Matrix>
<Distortion_Coefficients type_id="opencv-matrix">
  <rows>5</rows>
  <cols>1</cols>
  <dt>d</dt>
  <data>
    -9.0302286390237918e-001 3.7494419530530818e+000 0. 0.
    -1.1957625754606976e+001</data></Distortion_Coefficients>
<Avg_Reprojection_Error>1.0666557314725527e+000</Avg_Reprojection_Error>
<Per_View_Reprojection_Errors type_id="opencv-matrix">
  <rows>25</rows>
  <cols>1</cols>
  <dt>f</dt>
  <data>
    2.70522189e+000 1.48487306e+000 4.91659671e-001 2.51253664e-001
    3.24340314e-001 3.18183690e-001 3.04091632e-001 2.97754228e-001
    3.13685417e-001 2.90323853e-001 2.76755512e-001 2.98288405e-001
    2.65758693e-001 2.80692935e-001 2.99692065e-001 2.94447601e-001
    3.34473401e-001 2.76389062e-001 3.04150373e-001 3.22527289e-001
    3.10441583e-001 3.06976736e-001 3.45942855e-001 4.08916759e+000
    3.71221006e-001</data></Per_View_Reprojection_Errors>
<!-- a set of 6-tuples (rotation vector + translation vector) for each view -->
<Extrinsic_Parameters type_id="opencv-matrix">
  <rows>25</rows>
  <cols>6</cols>
  <dt>d</dt>
  <data>
    -1.9720406727966769e-001 -1.1433843692935095e-001
    -7.5354707053457970e-001 4.2843706019170304e+002
    -3.6487196491293724e+002 2.3226954646050722e+003
    -1.9076609758702906e-001 -1.1524365519810276e-001
    -8.4280565750631398e-001 3.5078644634072077e+002
    -3.7147555387038636e+002 2.2602066208985416e+003
    -3.6849483040109814e-002 8.8625469580469785e-001
    2.9408688452266585e+000 1.5858644820013151e+002
    4.5021765004226222e+002 2.3938259450521728e+003
    2.4869088109793397e-001 3.0285042407334645e-001
    1.5808069441244957e-001 -1.6739542854696344e+002
    -5.1896744444816329e+002 1.9914253613044134e+003
    2.1829779113979011e-001 2.7358314812669793e-001
    1.4951073126826561e-001 -1.9063918665335936e+002
    -5.1910319016418657e+002 2.0046194615110867e+003
    2.1943767564980171e-001 3.0265933007212065e-001
    1.1885822419055880e-001 -2.3477873662046062e+002
    -5.2019823105853175e+002 2.0013568445135011e+003
    2.2245618857049404e-001 3.1823643129116691e-001
    7.5031132946013518e-002 -2.7807657005123258e+002
    -5.0930330698260963e+002 2.0012742269335786e+003
    2.1653694046287097e-001 3.0373627093609318e-001
    -2.4444070896583760e-002 -3.3920458251461372e+002
    -5.0042572651182161e+002 2.0289246643406300e+003
    2.0911561559076902e-001 2.9084014053157414e-001
    -8.6756963243604449e-002 -3.6331778052472413e+002
    -5.0393413468854828e+002 2.0382009616266082e+003
    1.9622119502933130e-001 2.9260112547919587e-001
    -1.2640435323334748e-001 -3.7791005809314697e+002
    -5.0092244239493505e+002 2.0460854180733165e+003
    1.8472769673912390e-001 3.0667407044103162e-001
    -1.5400706174468293e-001 -3.8799847970198698e+002
    -4.9042490196747843e+002 2.0531415238091340e+003
    2.0579873575362795e-001 2.9858507150952057e-001
    -1.8652987578384153e-001 -3.9662344592239924e+002
    -4.8274927272184004e+002 2.0583973434047025e+003
    1.7301558351778476e-001 2.8293688660117400e-001
    -2.5566233377654285e-001 -4.2247654929174229e+002
    -4.6551345217882084e+002 2.0690034889056878e+003
    1.7210892474653294e-001 2.9894984574609951e-001
    -3.1413618774136665e-001 -4.5385611147493427e+002
    -4.3516229324000142e+002 2.0678019384520812e+003
    1.9048615628483104e-001 2.8115412112326743e-001
    -3.4432145257039909e-001 -4.7633500292865580e+002
    -4.1353831258800346e+002 2.0745457798007201e+003
    1.8507805181818074e-001 2.7001030975529244e-001
    -3.6247229714241852e-001 -4.9969806416067092e+002
    -4.1399913739887211e+002 2.0815715209461860e+003
    1.8827979787076821e-001 2.7301878661236262e-001
    -3.9464244095703788e-001 -5.2422061779229898e+002
    -4.2023199554141956e+002 2.0895582906253708e+003
    1.6912277746425750e-001 2.8582296228831772e-001
    -4.2101486494772278e-001 -5.2685372952067257e+002
    -4.0348913839399444e+002 2.0807002208655954e+003
    1.8792010756322441e-001 3.0423306437409897e-001
    -4.2463600248482497e-001 -5.3672409395127977e+002
    -3.7972123796884540e+002 2.0882158571441219e+003
    2.1395833398017886e-001 2.8539038054164745e-001
    -4.6843158770698839e-001 -5.5279788113556538e+002
    -3.6000746194122365e+002 2.1031114276435483e+003
    1.9367452680565250e-001 2.8726003454379234e-001
    -5.2406627847701837e-001 -5.7663978491622720e+002
    -3.5176527256379751e+002 2.1210710917647357e+003
    1.7539626421214025e-001 2.9888721613996383e-001
    -6.0610066822890385e-001 -6.1604302375712086e+002
    -3.2136861623453325e+002 2.1293941086030777e+003
    1.9635440455886513e-001 3.0698755539437267e-001
    -6.2278762630429763e-001 -6.2787126276175832e+002
    -2.8535691427972614e+002 2.1253836151140108e+003
    2.4102256844702399e-001 3.6322457742853248e-001
    -5.7381316529115411e-001 -6.0638136567558172e+002
    -2.5583782811434824e+002 2.0685969801605056e+003
    3.3290625751586339e-001 1.4665273771327481e-001
    -5.9070536511880745e-001 -4.6571261844628719e+002
    -1.2439200416778290e+002 2.0401080884381745e+003</data></Extrinsic_Parameters>
